src/files_thirdparty/gebco_2023_n14.0982_s13.2097_w120.4308_e121.5005.asc
ncols        257
nrows        214
xllcorner    120.429166666667
yllcorner    13.208333333333
cellsize     0.004166666667
NODATA_value -32767
[rows 80 to 119 of 214, columns 90 to 179 of 257]
-317 -307 -291 -273 -260 -259 -261 -266 -271 -273 -274 -272 -269 -271 -283 -294 -299 -297 -284 -271 -265 -272 -293 -275 -277 -192 -89 -49 -13 0 41 44 87 117 127 78 0 13 -19 -52 -76 -91 -95 -98 -95 -82 -83 -84 -83 -66 -49 -36 -24 -14 1 4 6 6 6 11 19 32 39 29 17 30 36 43 51 61 67 75 81 87 89 95 104 111 115 122 124 124 119 128 111 114 113 127 138 147
-306 -293 -277 -259 -243 -246 -252 -259 -265 -268 -271 -272 -271 -279 -291 -302 -306 -300 -280 -254 -227 -204 -188 -174 -258 -150 -16 -52 -94 0 21 34 114 184 66 28 0 3 -52 -88 -119 -119 -115 -121 -126 -116 -110 -105 -98 -85 -71 -63 -56 -46 -28 -3 0 6 6 6 12 22 21 14 19 38 46 44 50 52 58 66 75 81 92 99 107 115 123 131 134 136 131 130 126 125 119 129 136 150
-299 -285 -269 -251 -237 -240 -247 -256 -262 -269 -274 -278 -283 -292 -304 -314 -318 -309 -279 -236 -190 -142 -84 0 0 0 15 6 8 16 20 25 41 110 41 0 8 -42 -85 -117 -138 -143 -142 -145 -148 -142 -135 -127 -118 -109 -100 -91 -84 -74 -64 -24 0 6 8 7 12 13 12 14 20 26 29 39 51 60 67 72 78 83 94 102 108 119 132 140 148 148 144 139 143 134 132 132 141 152
-294 -281 -265 -249 -238 -238 -245 -254 -263 -271 -279 -287 -294 -305 -316 -328 -336 -326 -284 -219 -159 -109 -86 0 30 113 157 97 82 64 32 25 33 56 105 42 2 -65 -120 -146 -160 -164 -166 -168 -170 -167 -159 -149 -139 -132 -125 -115 -103 -83 -62 -27 1 7 8 8 11 13 12 14 17 24 39 44 54 59 65 72 80 89 98 105 113 122 139 152 156 155 151 150 145 138 141 143 139 149
-292 -280 -263 -247 -236 -237 -244 -254 -264 -274 -284 -293 -304 -313 -325 -339 -353 -352 -294 -194 -126 -66 0 19 110 210 252 177 127 85 54 36 32 50 0 26 0 -97 -165 -175 -182 -184 -187 -189 -192 -192 -181 -168 -158 -154 -149 -135 -118 -86 -59 -29 0 0 8 9 10 9 9 16 19 24 33 27 30 38 45 53 59 75 83 96 110 128 144 159 180 153 144 159 162 151 150 152 150 151
-289 -277 -261 -246 -236 -236 -242 -252 -263 -275 -286 -297 -308 -314 -322 -336 -354 -356 -296 -134 -96 39 36 64 105 184 213 177 115 66 53 35 36 55 0 0 -121 -149 -168 -182 -194 -199 -203 -206 -210 -210 -199 -185 -172 -173 -173 -149 -119 -79 -61 -41 -21 0 3 9 9 10 6 11 14 15 19 30 27 38 51 65 63 71 80 85 103 113 132 158 158 127 131 147 163 164 160 163 161 163
-286 -273 -255 -240 -232 -231 -238 -248 -261 -274 -283 -294 -305 -303 -303 -312 -330 -334 -207 0 0 52 135 154 99 180 230 156 106 64 40 26 0 0 3 -53 -135 -165 -160 -185 -203 -211 -215 -220 -225 -227 -215 -200 -190 -185 -178 -158 -131 -96 -73 -60 -52 -16 0 6 7 4 7 9 14 23 27 26 31 36 43 49 57 66 72 84 104 105 102 115 119 118 129 142 149 159 168 177 179 182
-276 -260 -242 -228 -221 -222 -230 -242 -254 -266 -273 -280 -283 -276 -266 -260 -266 -294 -206 -114 16 134 245 167 147 211 237 149 94 54 32 13 4 2 -77 -116 -164 -189 -191 -203 -215 -221 -225 -229 -234 -234 -224 -210 -203 -196 -185 -167 -142 -110 -82 -65 -45 -13 -18 0 0 6 8 8 14 20 22 31 36 45 53 61 73 90 102 102 93 104 111 122 129 134 134 141 154 164 168 177 188 196
-254 -239 -223 -211 -204 -209 -219 -233 -247 -258 -264 -264 -259 -244 -217 -178 -135 -142 -141 2 99 219 325 216 223 293 191 122 81 44 20 3 -90 -95 -131 -164 -201 -218 -219 -222 -227 -231 -235 -238 -242 -242 -234 -224 -217 -207 -195 -177 -157 -125 -93 -76 -59 -48 -49 -7 4 9 8 8 13 27 24 33 33 48 68 76 81 86 102 114 127 124 116 119 141 153 152 160 190 213 198 194 196 204
-230 -216 -201 -190 -186 -193 -207 -225 -242 -253 -257 -253 -241 -218 -179 -112 0 0 0 32 140 302 401 300 302 232 149 114 66 37 6 -52 -136 -157 -177 -198 -220 -233 -236 -237 -239 -241 -243 -246 -249 -248 -242 -234 -225 -214 -201 -185 -166 -142 -117 -98 -77 -71 -61 -32 -18 8 10 10 20 33 41 49 42 41 83 104 101 98 103 110 132 143 159 141 129 142 160 191 230 267 265 244 230 241
-207 -192 -177 -165 -162 -173 -193 -216 -238 -252 -255 -249 -232 -209 -176 -146 1 17 19 89 171 320 440 400 313 207 132 89 56 26 0 -98 -198 -206 -211 -221 -237 -247 -249 -248 -248 -249 -250 -253 -256 -256 -251 -241 -232 -221 -207 -192 -177 -159 -141 -132 -127 -102 -80 -52 -31 5 9 14 25 37 51 66 70 44 71 121 117 107 118 126 129 152 169 186 218 162 174 188 216 249 325 301 305 351
-187 -170 -151 -137 -132 -149 -177 -209 -237 -255 -257 -251 -232 -209 -170 -125 0 114 92 141 289 340 394 346 293 202 146 94 44 7 -78 -143 -204 -223 -230 -238 -252 -261 -259 -256 -255 -255 -257 -260 -264 -265 -261 -247 -239 -228 -214 -199 -189 -177 -159 -152 -141 -118 -91 -59 -33 3 9 13 15 24 47 71 96 57 73 104 121 123 128 163 179 191 237 232 266 231 228 268 256 285 355 377 397 436
-170 -150 -127 -111 -104 -123 -158 -200 -238 -253 -259 -264 -261 -231 -182 -120 27 84 119 250 400 418 358 295 258 194 139 87 20 0 -113 -174 -214 -236 -248 -258 -269 -269 -263 -259 -258 -259 -262 -266 -270 -274 -275 -259 -247 -236 -222 -210 -204 -199 -188 -172 -153 -126 -97 -58 -27 3 14 38 49 25 21 30 48 71 66 71 90 123 143 171 261 263 277 277 287 300 325 415 341 340 418 504 462 502
-160 -137 -112 -92 -73 -94 -134 -183 -231 -232 -244 -270 -293 -259 -205 -122 9 63 134 291 353 385 310 229 209 190 136 58 3 -66 -179 -210 -234 -253 -265 -276 -285 -274 -262 -257 -258 -261 -265 -269 -273 -276 -274 -263 -250 -240 -228 -216 -216 -218 -212 -190 -164 -128 -87 -43 -17 3 30 45 60 77 51 31 38 76 92 90 103 139 172 194 236 283 326 345 362 393 394 480 435 425 481 575 630 619
-153 -125 -105 -87 -57 -62 -101 -142 -154 -142 -191 -245 -279 -267 -230 -116 0 0 107 205 251 280 264 222 189 165 127 59 1 -81 -170 -220 -252 -270 -279 -283 -282 -268 -250 -251 -256 -262 -267 -272 -276 -277 -275 -267 -257 -247 -235 -225 -219 -215 -209 -196 -177 -131 -78 -23 1 22 41 64 78 96 101 82 37 62 111 101 97 119 148 159 195 262 417 432 454 499 536 529 512 490 548 645 743 580
-154 -114 -99 -92 -33 -23 -72 -119 -94 -40 -141 -220 -263 -253 -218 -123 -34 2 32 124 144 270 289 257 174 126 103 19 -29 -97 -172 -232 -275 -289 -293 -291 -283 -264 -234 -246 -257 -264 -270 -275 -278 -280 -278 -273 -265 -255 -243 -232 -220 -206 -198 -196 -185 -134 -83 1 0 61 68 75 93 111 124 112 50 51 108 120 105 118 147 187 293 318 418 455 476 510 562 614 586 605 680 792 728 535
-167 -105 -79 -53 0 0 -57 -115 -119 -163 -169 -215 -236 -221 -182 -120 -58 -17 1 55 174 268 248 196 134 68 0 0 -54 -116 -183 -246 -295 -305 -305 -302 -294 -281 -262 -262 -266 -270 -274 -277 -281 -283 -282 -279 -275 -266 -252 -239 -222 -199 -181 -190 -197 -124 -59 0 43 80 94 100 102 122 139 150 83 50 91 131 142 158 212 257 322 440 461 442 467 499 507 602 655 742 881 826 698 604
-196 -93 -68 -49 -11 -10 -47 -112 -56 0 -95 -167 -202 -188 -153 -116 -73 -27 0 20 124 170 140 103 0 0 -25 -47 -89 -137 -198 -255 -304 -313 -313 -311 -307 -301 -287 -279 -276 -276 -278 -280 -283 -286 -285 -285 -285 -278 -261 -250 -232 -197 -153 -165 -153 -82 0 0 53 78 92 103 114 130 148 152 107 84 98 95 132 153 201 281 361 454 480 403 407 456 508 583 639 743 834 823 803 703
-198 -111 -77 -64 -22 7 0 0 0 16 -82 -134 -164 -161 -145 -125 -99 -60 0 0 27 70 55 13 1 -35 -66 -94 -128 -168 -215 -259 -295 -310 -315 -316 -316 -312 -301 -291 -284 -281 -280 -282 -285 -286 -285 -284 -286 -290 -279 -268 -257 -228 -206 -176 -140 -68 0 22 61 89 97 97 100 105 106 103 136 157 128 108 103 128 179 270 407 440 431 342 425 502 570 615 649 579 659 779 815 730
-177 -105 -68 -41 0 0 0 1 0 15 -51 -105 -136 -139 -139 -141 -143 -133 -79 -38 96 21 0 -39 -68 -95 -116 -140 -165 -197 -229 -262 -291 -305 -312 -318 -321 -321 -310 -298 -288 -284 -282 -285 -287 -286 -282 -276 -269 -266 -282 -275 -259 -236 -211 -180 -146 -65 0 0 29 32 30 32 40 49 62 130 206 179 132 151 157 134 191 298 405 363 302 320 412 482 573 483 464 439 526 559 591 676
-150 -87 -58 -41 -25 0 0 0 0 35 -47 -90 -118 -114 -125 -148 -177 -211 -150 -89 0 3 -30 -85 -137 -154 -162 -174 -192 -216 -237 -260 -284 -295 -306 -315 -323 -328 -315 -301 -290 -289 -289 -291 -291 -289 -282 -270 -252 -233 -289 -279 -259 -236 -207 -169 -121 -56 0 0 20 26 43 51 66 125 169 124 180 178 153 206 223 189 163 279 283 272 272 296 388 460 389 307 303 350 478 395 381 503
-134 -86 -61 -46 -37 -32 10 25 12 17 -84 -74 -75 -71 -101 -132 -157 -169 -174 -193 -229 -29 -60 -126 -182 -197 -195 -194 -201 -216 -229 -244 -262 -277 -291 -306 -315 -320 -313 -304 -297 -296 -298 -300 -299 -295 -289 -277 -265 -256 -274 -269 -254 -233 -208 -168 -118 -58 0 0 40 71 103 138 239 279 221 122 205 232 198 276 293 206 162 192 221 245 268 298 356 371 258 227 317 424 439 313 319 483
-129 -89 -70 -54 -38 -25 0 15 28 6 1 -16 -36 -62 -85 -112 -131 -155 -155 -178 -189 -101 -117 -169 -222 -227 -210 -193 -189 -201 -206 -215 -232 -251 -273 -293 -301 -308 -305 -303 -302 -305 -309 -310 -311 -307 -301 -290 -281 -273 -272 -262 -250 -233 -212 -179 -135 -93 -61 0 36 53 63 135 191 257 236 157 224 276 267 305 254 196 210 239 308 276 236 218 304 293 184 281 379 464 397 282 322 441
-137 -115 -97 -76 -53 -34 -17 1 22 29 37 13 4 -28 -47 -56 -69 -87 -92 -142 -179 -165 -160 -179 -210 -223 -199 -163 -148 -156 -165 -173 -188 -218 -249 -278 -275 -275 -287 -301 -312 -317 -320 -323 -325 -324 -318 -310 -300 -287 -274 -259 -250 -240 -225 -201 -172 -132 -106 0 31 63 89 168 233 301 285 223 205 231 290 318 276 256 277 343 282 205 157 240 326 217 179 302 362 425 312 216 249 388
-196 -166 -141 -113 -80 -53 -28 -6 23 65 104 59 21 9 3 0 -9 -38 -49 -118 -184 -200 -161 -139 -142 -146 -146 -96 -78 -96 -119 -122 -140 -183 -215 -235 -238 -239 -270 -300 -323 -328 -331 -336 -340 -342 -337 -330 -320 -302 -278 -254 -254 -252 -239 -219 -195 -128 -66 5 57 130 277 391 408 365 434 389 345 278 305 346 322 316 386 377 275 199 135 191 255 155 175 218 331 362 240 141 237 352
-258 -228 -198 -164 -124 -86 -50 -15 24 111 151 168 119 61 25 18 12 0 1 -81 -145 -149 -96 0 0 0 1 0 0 -34 -82 -72 -112 -170 -192 -204 -217 -235 -269 -301 -324 -330 -338 -347 -352 -357 -355 -350 -341 -323 -291 -248 -266 -271 -254 -214 -170 -92 0 0 151 214 294 457 490 473 526 515 427 381 359 385 371 375 485 363 230 179 116 121 151 125 219 305 272 317 248 110 160 278
-319 -292 -262 -225 -179 -123 -82 -45 21 73 75 155 192 127 68 64 67 76 28 0 5 0 0 33 34 37 39 0 0 0 0 0 -78 -172 -172 -175 -202 -236 -276 -310 -331 -331 -345 -356 -364 -370 -372 -372 -368 -358 -341 -316 -314 -310 -281 -211 -146 -81 1 77 227 329 388 473 528 546 586 536 477 461 469 485 545 535 554 402 257 179 159 96 104 208 261 317 195 214 246 120 91 195
-381 -359 -331 -292 -244 -164 -121 -69 0 35 24 56 137 233 137 61 53 111 102 98 130 75 73 116 90 129 163 172 143 102 42 0 -44 -95 -120 -136 -190 -240 -288 -327 -355 -356 -360 -366 -374 -382 -386 -390 -397 -400 -399 -377 -367 -363 -328 -183 -62 0 9 77 191 277 328 385 405 440 456 533 531 590 680 722 735 687 481 346 308 313 252 132 101 207 227 195 207 116 216 135 58 151
-451 -426 -402 -360 -327 -258 -192 -118 0 0 0 16 66 94 48 46 89 145 166 146 159 154 177 189 200 209 257 244 183 109 81 49 1 -34 -88 -137 -201 -261 -301 -335 -363 -367 -367 -370 -378 -387 -392 -399 -415 -432 -455 -419 -400 -402 -402 -143 14 0 42 126 188 192 290 326 319 304 333 401 390 475 540 552 523 601 462 301 230 225 241 184 56 116 101 108 178 82 127 170 55 82
-483 -473 -468 -416 -417 -350 -269 -182 -85 -31 -21 -3 11 21 2 26 76 149 128 125 103 122 163 235 294 342 391 328 287 235 155 113 62 0 -74 -136 -206 -278 -299 -322 -356 -361 -360 -363 -372 -384 -387 -393 -415 -427 -433 -411 -384 -346 -244 0 7 81 96 141 144 193 269 243 195 176 197 291 253 330 390 398 313 504 519 264 137 166 200 147 66 79 80 65 86 45 37 45 25 12
-519 -515 -496 -519 -475 -419 -344 -266 -188 -123 -79 -44 -34 -45 -81 3 45 101 96 73 104 173 240 284 348 386 404 374 341 286 204 120 71 32 -86 -119 -179 -244 -254 -264 -291 -325 -332 -341 -353 -363 -368 -368 -398 -411 -410 -390 -354 -293 -214 0 58 119 93 80 103 175 209 152 113 94 133 170 214 279 261 261 187 282 345 230 108 91 97 98 0 31 65 23 6 2 1 0 0 0
-525 -516 -512 -512 -486 -470 -412 -357 -297 -223 -147 -80 -70 -71 -59 1 36 79 0 45 142 195 205 178 274 320 350 258 225 165 118 0 0 16 0 -53 -118 -194 -175 -172 -192 -244 -282 -310 -331 -346 -362 -375 -394 -401 -395 -373 -334 -273 -184 10 0 0 30 26 0 137 0 77 42 51 77 111 195 213 158 146 129 102 113 125 88 35 36 46 45 10 5 0 -26 -40 -49 -56 -61 -64
-521 -510 -507 -503 -501 -480 -466 -504 -412 -315 -211 -103 -119 -116 -84 -34 2 9 18 0 92 113 107 123 194 227 0 0 118 0 0 0 19 0 0 1 -13 -15 -49 -68 -111 -183 -243 -289 -319 -340 -363 -382 -395 -399 -389 -366 -323 -253 -142 3 20 7 -2 1 61 96 0 33 34 46 71 116 156 130 119 76 78 39 28 32 20 5 2 1 1 -57 -51 -55 -72 -87 -102 -115 -130 -136
-520 -521 -512 -511 -510 -496 -484 -490 -462 -387 -307 -243 -228 -199 -152 -97 -60 -46 -59 1 19 37 0 0 99 85 0 68 28 7 3 3 -6 -16 2 2 0 20 1 -4 -64 -159 -235 -289 -324 -347 -374 -395 -406 -406 -395 -373 -335 -274 -186 -87 -44 -43 -41 -24 19 22 1 1 0 52 77 77 86 63 51 35 0 6 -23 -30 -36 -44 -45 -45 -48 -71 -86 -100 -119 -135 -152 -171 -192 -211
-520 -519 -512 -520 -519 -504 -488 -492 -472 -396 -379 -364 -357 -305 -235 -162 -132 -117 -112 -78 -54 -26 0 0 12 1 0 -10 -56 -88 -90 -89 -94 -97 -88 -83 -78 -69 -77 -91 -136 -204 -268 -317 -354 -380 -402 -417 -423 -420 -409 -392 -362 -319 -257 -191 -148 -127 -105 -75 -37 -28 -26 -14 0 21 41 34 17 9 6 5 0 -104 -99 -94 -95 -99 -99 -98 -100 -111 -126 -143 -161 -178 -194 -214 -235 -250
-536 -519 -518 -520 -512 -523 -488 -496 -493 -472 -463 -466 -489 -413 -322 -215 -208 -191 -188 -167 -142 -116 -91 -85 -85 -95 -105 -128 -171 -217 -204 -200 -205 -207 -203 -198 -192 -187 -194 -209 -239 -283 -327 -365 -397 -425 -440 -446 -445 -437 -427 -416 -400 -375 -333 -289 -253 -223 -185 -144 -108 -89 -72 -45 0 4 3 0 -35 -58 -65 -67 -82 -131 -142 -145 -151 -156 -154 -153 -152 -157 -170 -185 -201 -215 -229 -246 -264 -277
-536 -533 -534 -520 -523 -514 -525 -517 -500 -514 -514 -503 -503 -480 -425 -350 -320 -265 -280 -263 -234 -213 -189 -182 -188 -202 -216 -237 -265 -290 -291 -301 -320 -326 -325 -321 -316 -311 -318 -332 -349 -375 -399 -420 -444 -472 -474 -471 -461 -449 -441 -437 -436 -430 -405 -379 -352 -327 -270 -214 -171 -147 -130 -111 -68 0 -38 -69 -105 -134 -139 -139 -149 -168 -179 -189 -202 -212 -210 -205 -203 -203 -213 -226 -239 -248 -258 -270 -286 -300
-543 -540 -540 -535 -535 -521 -522 -523 -520 -525 -524 -486 -488 -516 -470 -443 -447 -408 -400 -367 -325 -305 -270 -271 -287 -306 -320 -337 -352 -364 -360 -386 -431 -435 -434 -430 -427 -420 -432 -447 -458 -461 -462 -463 -467 -466 -467 -464 -457 -446 -440 -445 -451 -449 -450 -447 -436 -431 -344 -266 -216 -193 -185 -184 -156 -118 -129 -144 -171 -196 -202 -193 -194 -202 -213 -226 -247 -267 -261 -255 -253 -251 -254 -264 -272 -275 -280 -285 -294 -308
-557 -552 -547 -542 -542 -540 -534 -528 -525 -523 -519 -515 -508 -499 -488 -482 -475 -466 -463 -465 -464 -406 -327 -341 -374 -402 -408 -425 -428 -434 -399 -425 -440 -447 -445 -451 -456 -463 -467 -469 -467 -462 -459 -457 -458 -457 -456 -441 -439 -440 -430 -428 -430 -433 -437 -431 -431 -419 -359 -283 -236 -220 -221 -251 -230 -204 -209 -203 -225 -247 -254 -230 -224 -229 -240 -253 -284 -321 -305 -296 -303 -293 -290 -299 -302 -299 -296 -293 -295 -312
-569 -565 -561 -558 -555 -549 -543 -538 -533 -530 -527 -522 -517 -510 -503 -498 -494 -489 -489 -496 -497 -422 -373 -378 -406 -428 -452 -460 -457 -461 -436 -453 -463 -467 -465 -466 -468 -468 -467 -465 -462 -460 -458 -456 -455 -453 -453 -420 -407 -441 -431 -414 -409 -412 -425 -404 -383 -372 -313 -265 -245 -228 -214 -240 -243 -228 -229 -228 -258 -259 -242 -236 -241 -250 -263 -264 -295 -318 -318 -315 -346 -325 -314 -334 -328 -319 -311 -300 -288 -316
