src/files_thirdparty/gebco_2023_n14.0982_s13.2097_w120.4308_e121.5005.asc
ncols        257
nrows        214
xllcorner    120.429166666667
yllcorner    13.208333333333
cellsize     0.004166666667
NODATA_value -32767
[rows 0 to 39 of 214, columns 0 to 89 of 257]
-66 -87 -102 -102 -109 -106 -102 -100 -100 -100 -100 -99 -96 -94 -91 -91 -76 -62 -54 -69 -69 -66 -64 -63 -63 -61 -59 -58 -57 -55 -60 -66 -67 -64 -53 -42 -35 -35 -35 -35 -32 -29 -29 -24 -19 0 24 42 8 6 8 13 21 28 39 77 44 46 54 41 34 29 43 63 100 93 74 61 56 61 71 76 110 108 126 171 266 353 372 328 383 293 257 299 278 289 302 327 346 361
-61 -83 -100 -104 -111 -107 -104 -101 -100 -100 -100 -97 -94 -90 -88 -85 -76 -66 -59 -65 -67 -66 -65 -62 -62 -61 -59 -59 -59 -59 -63 -68 -71 -75 -59 -46 -36 -33 -33 -35 -30 -25 -28 -21 -14 0 24 20 5 5 6 8 11 10 34 42 23 47 45 35 27 30 41 55 70 71 67 48 64 73 78 77 91 99 111 132 195 219 293 232 284 256 244 291 263 290 314 328 347 360
-61 -82 -98 -104 -105 -106 -105 -103 -102 -101 -99 -96 -92 -87 -83 -80 -75 -70 -66 -65 -67 -66 -64 -63 -62 -61 -59 -59 -60 -61 -63 -65 -67 -66 -55 -45 -35 -32 -31 -30 -28 -25 -22 -12 0 13 30 6 5 5 5 6 9 9 20 31 16 43 35 30 24 49 46 63 65 64 61 47 64 70 77 87 91 102 114 128 157 164 174 189 221 226 232 249 275 296 296 313 335 351
-64 -84 -99 -104 -105 -106 -106 -105 -104 -103 -100 -95 -89 -83 -78 -74 -71 -70 -70 -66 -68 -66 -65 -63 -61 -60 -60 -60 -61 -62 -63 -64 -62 -59 -51 -43 -29 -30 -29 -28 -27 -25 -21 -10 0 33 10 5 6 5 7 7 6 8 12 12 14 17 23 22 23 33 52 59 59 57 55 43 66 74 81 89 96 107 120 133 144 150 165 185 209 216 240 261 270 260 287 319 335 318
-71 -86 -100 -104 -106 -108 -109 -108 -107 -104 -100 -94 -86 -79 -71 -67 -66 -67 -71 -66 -68 -66 -64 -61 -60 -59 -58 -59 -61 -62 -62 -62 -60 -55 -49 -42 -34 -32 -30 -28 -28 -26 -22 -11 0 3 7 8 7 7 5 6 5 7 10 11 14 18 21 19 22 29 49 56 55 49 40 52 67 76 81 90 99 110 122 126 139 160 177 196 205 209 231 239 212 237 266 287 293 310
-81 -92 -103 -106 -107 -110 -113 -113 -111 -107 -101 -93 -83 -72 -63 -57 -56 -59 -64 -66 -67 -66 -64 -61 -59 -59 -59 -60 -62 -63 -63 -62 -57 -52 -48 -43 -38 -35 -32 -29 -30 -27 -22 -15 -7 -6 2 7 8 9 6 4 6 7 9 10 13 17 18 20 20 31 47 51 48 41 54 60 67 75 83 87 90 98 104 121 145 158 173 158 181 195 177 210 232 249 279 280 337 350
-90 -100 -108 -108 -108 -113 -118 -119 -117 -110 -102 -93 -81 -67 -53 -44 -45 -49 -58 -66 -67 -66 -63 -61 -58 -59 -59 -60 -62 -65 -65 -63 -57 -51 -47 -43 -40 -37 -34 -33 -31 -28 -24 -18 -13 -12 0 7 10 10 6 6 7 8 10 10 12 13 16 17 19 28 50 49 42 39 53 59 67 71 78 77 90 99 111 128 141 141 141 177 183 199 222 239 258 302 343 306 344 380
-103 -107 -111 -110 -109 -116 -127 -131 -125 -114 -101 -92 -81 -64 -40 -31 -35 -39 -51 -64 -65 -65 -63 -61 -58 -57 -58 -61 -64 -67 -68 -66 -58 -49 -46 -44 -41 -38 -36 -37 -33 -28 -24 -20 -15 -12 -10 7 9 10 8 5 7 8 9 10 11 12 14 14 18 35 51 45 37 40 48 57 57 63 66 78 89 99 111 122 124 133 170 187 200 208 219 244 286 358 391 340 388 458
-113 -114 -114 -112 -110 -117 -144 -148 -139 -121 -99 -94 -85 -67 -22 -15 -34 -38 -44 -55 -59 -64 -63 -60 -58 -56 -56 -60 -66 -71 -75 -73 -62 -44 -47 -45 -42 -39 -33 -34 -31 -27 -24 -20 -16 -12 -8 7 9 9 7 7 7 8 9 10 12 14 16 17 31 57 44 41 36 37 49 48 52 62 68 77 87 90 93 102 122 152 170 180 191 195 216 262 327 384 438 367 461 518
-121 -119 -117 -113 -110 -110 -179 -177 -158 -137 -117 -104 -94 0 0 0 -41 -38 -36 -38 -53 -63 -63 -61 -59 -57 -56 -61 -67 -75 -84 -89 -73 -57 -50 -46 -44 -40 -36 -34 -30 -25 -23 -21 -17 -10 -5 6 7 9 7 7 7 9 12 12 14 16 18 20 26 47 38 38 33 34 38 45 55 56 59 70 80 83 110 128 141 155 164 173 174 187 218 273 349 465 481 397 499 537
-128 -123 -120 -115 -111 -111 -247 -209 -175 -151 -131 -110 -83 -56 0 14 -15 -24 -29 -38 -53 -63 -62 -60 -58 -58 -56 -60 -67 -77 -91 -109 -85 -65 -53 -48 -44 -41 -38 -36 -32 -28 -25 -22 -19 -10 1 5 5 8 9 8 10 11 12 14 16 18 19 21 27 44 36 33 30 40 48 55 54 55 65 62 73 98 121 128 142 152 158 155 167 191 236 312 427 449 514 439 503 534
-135 -128 -122 -116 -112 -112 -183 -186 -172 -157 -141 -119 -93 -73 -71 0 0 -21 -31 -42 -55 -63 -62 -60 -58 -60 -56 -58 -65 -73 -82 -89 -77 -65 -56 -49 -45 -42 -39 -37 -34 -30 -26 -22 -19 -16 0 5 6 7 7 9 10 9 11 16 20 20 20 24 33 36 48 29 39 45 50 64 67 67 77 81 91 111 115 125 136 144 143 152 171 192 244 371 444 523 556 492 491 531
-143 -134 -124 -118 -113 -113 -149 -164 -166 -162 -152 -132 -109 -84 -55 0 0 -32 -37 -45 -57 -67 -65 -61 -62 -62 -57 -55 -60 -66 -72 -74 -68 -60 -53 -48 -45 -42 -40 -37 -34 -31 -27 -22 -18 -15 3 6 7 9 11 11 9 12 12 15 20 20 18 22 25 29 44 30 34 40 50 62 61 70 96 98 103 107 109 121 130 130 140 143 157 199 240 321 390 454 570 530 495 555
-153 -139 -126 -119 -113 -113 -136 -154 -163 -169 -169 -147 -123 -101 -66 -31 -23 -31 -36 -47 -60 -68 -67 -66 -65 -63 -58 -57 -59 -62 -64 -64 -61 -55 -50 -48 -46 -43 -40 -38 -36 -32 -27 -22 -15 -12 3 8 8 9 9 11 10 11 13 15 18 19 18 21 25 26 29 33 41 52 46 52 59 65 85 93 97 97 105 123 120 136 130 135 152 176 254 367 421 453 542 553 554 637
-165 -146 -129 -119 -112 -112 -130 -147 -160 -174 -190 -155 -126 -99 -74 -50 -40 -40 -42 -53 -66 -70 -70 -69 -67 -65 -60 -59 -58 -59 -59 -57 -57 -55 -52 -50 -47 -43 -40 -38 -36 -32 -27 -22 -10 -13 9 17 6 7 8 10 12 15 17 17 23 24 23 27 24 34 60 41 37 61 62 59 56 63 76 87 92 102 108 110 114 132 122 131 153 181 210 272 314 400 463 493 601 695
-174 -152 -130 -118 -111 -112 -127 -143 -153 -160 -162 -145 -125 -103 -82 -63 -55 -51 -49 -59 -68 -72 -72 -70 -73 -70 -66 -64 -62 -60 -57 -54 -55 -57 -56 -54 -51 -43 -38 -38 -37 -32 -27 -28 -7 2 77 32 11 7 7 8 12 15 17 18 29 24 24 35 31 76 116 53 45 75 78 68 63 68 85 82 90 97 97 106 119 121 117 134 156 173 183 211 281 343 363 427 575 584
-182 -159 -134 -119 -107 -109 -124 -138 -148 -152 -150 -140 -126 -110 -94 -81 -73 -68 -66 -67 -68 -81 -76 -67 -81 -78 -75 -71 -67 -63 -59 -58 -59 -61 -62 -60 -58 -49 -43 -40 -38 -35 -32 -34 0 52 125 75 24 7 8 9 10 12 12 22 31 27 26 36 46 132 144 66 64 76 74 69 67 70 75 79 87 87 94 107 113 110 122 134 151 158 170 199 268 269 389 435 511 510
-198 -171 -140 -123 -114 -116 -127 -139 -149 -154 -151 -142 -130 -118 -108 -98 -92 -88 -84 -83 -84 -95 -87 -75 -88 -85 -80 -75 -72 -67 -63 -63 -66 -68 -68 -65 -61 -55 -46 -41 -37 -34 -31 -18 1 33 81 90 21 7 9 9 10 10 12 22 30 33 33 41 68 168 151 83 75 74 68 65 67 70 73 77 81 83 96 104 104 109 119 128 139 150 160 180 208 269 335 365 447 432
-228 -189 -154 -130 -117 -120 -132 -145 -158 -165 -160 -148 -134 -127 -122 -118 -113 -108 -104 -102 -105 -103 -101 -97 -96 -91 -86 -78 -77 -72 -69 -73 -78 -78 -75 -69 -65 -60 -49 -39 -36 -33 -29 -19 -5 8 59 135 67 16 8 9 10 10 16 14 23 39 42 54 94 194 160 90 79 89 72 62 66 68 69 71 75 85 91 93 100 112 121 132 141 149 160 174 195 206 285 307 364 346
-232 -198 -162 -137 -119 -122 -138 -156 -176 -186 -178 -158 -135 -134 -136 -135 -132 -127 -122 -113 -104 -110 -110 -107 -101 -96 -90 -79 -80 -76 -74 -86 -97 -91 -81 -72 -70 -68 -52 -35 -35 -34 -31 -21 -8 7 85 158 134 42 11 8 11 12 17 17 24 37 52 64 104 187 148 95 82 87 71 60 61 68 65 70 79 81 85 91 101 111 121 130 141 150 158 171 185 190 223 242 261 274
-230 -206 -173 -151 -129 -128 -152 -174 -202 -222 -203 -172 -150 -146 -149 -152 -147 -143 -139 -130 -121 -119 -116 -111 -105 -101 -95 -73 -86 -81 -78 -103 -127 -108 -85 -67 -70 -81 -61 -43 -37 -36 -35 -29 0 0 52 91 145 56 17 13 14 14 19 22 24 33 60 89 138 197 176 95 78 72 63 58 57 64 62 69 73 76 80 91 100 109 117 127 134 143 152 164 176 192 213 220 226 255
-241 -233 -209 -188 -171 -165 -184 -207 -234 -266 -216 -176 -152 -148 -155 -157 -155 -153 -150 -144 -136 -131 -123 -117 -111 -105 -98 -93 -89 -84 -81 -119 -169 -122 -80 -48 -58 -67 -57 -45 -38 -33 -28 -17 1 54 37 67 117 70 31 23 18 15 21 28 28 37 58 107 153 220 150 93 81 69 59 52 56 56 58 63 68 73 81 90 98 104 111 119 130 137 147 159 170 179 192 198 210 218
-257 -269 -245 -229 -222 -204 -216 -233 -238 -233 -193 -163 -141 -140 -164 -163 -163 -162 -161 -156 -148 -139 -131 -124 -118 -109 -102 -97 -92 -87 -84 -106 -125 -102 -73 -53 -56 -60 -56 -43 -35 -29 -21 -11 0 0 12 25 51 57 49 35 23 20 24 30 36 52 81 126 165 210 143 92 80 71 60 51 51 55 58 59 66 72 77 87 93 100 107 116 126 131 139 153 161 169 172 184 220 245
-259 -266 -258 -246 -237 -237 -244 -250 -240 -217 -181 -153 -126 -126 -190 -178 -173 -172 -171 -168 -162 -150 -139 -131 -124 -114 -107 -101 -97 -91 -89 -94 -97 -82 -62 -49 -54 -64 -64 -37 -33 -25 -16 -12 -10 -8 1 0 50 80 80 67 31 25 26 35 44 56 86 132 162 196 124 88 77 72 61 52 47 53 55 60 65 68 76 83 90 97 105 113 120 125 135 143 153 147 175 201 222 231
-258 -265 -265 -254 -247 -249 -259 -267 -246 -216 -180 -166 -154 -158 -183 -182 -185 -184 -182 -180 -175 -160 -149 -142 -130 -119 -114 -106 -99 -94 -90 -88 -83 -70 -51 -38 -53 -71 -90 -57 -39 -26 -16 -12 -9 -15 0 26 75 102 103 83 40 36 28 38 54 63 97 145 177 143 104 81 71 65 59 52 47 49 54 57 61 68 74 80 87 93 101 107 113 119 127 136 140 144 174 187 209 215
-255 -260 -260 -255 -256 -259 -266 -269 -254 -230 -207 -194 -187 -189 -202 -207 -207 -202 -197 -192 -186 -170 -162 -158 -140 -128 -125 -113 -101 -98 -93 -86 -79 -68 -54 -43 -53 -64 -71 -53 -36 -25 -17 -12 -9 -3 2 0 43 110 170 89 51 48 35 37 57 74 99 141 183 128 101 76 67 60 54 50 42 48 52 55 58 64 71 77 82 87 95 101 107 114 119 123 127 148 165 178 197 193
-255 -256 -255 -253 -263 -266 -271 -275 -266 -251 -237 -228 -221 -215 -231 -241 -236 -225 -214 -205 -197 -181 -175 -172 -154 -138 -136 -123 -105 -99 -94 -88 -80 -71 -61 -54 -56 -60 -58 -45 -29 -19 -14 -11 -8 -4 -1 8 46 143 198 105 59 59 43 44 48 82 100 132 166 122 97 81 63 56 50 47 36 50 50 53 57 61 66 73 79 84 91 96 101 108 109 119 130 140 154 163 174 179
-256 -258 -258 -258 -264 -271 -271 -277 -277 -273 -269 -266 -258 -240 -266 -274 -265 -249 -230 -214 -198 -190 -186 -183 -169 -149 -145 -131 -113 -105 -99 -91 -82 -74 -65 -60 -60 -61 -59 -46 -20 -12 -9 -9 -9 -8 -4 1 0 59 110 104 78 69 57 55 51 78 84 105 100 105 94 70 57 51 46 42 37 46 46 50 54 57 62 69 76 80 85 90 94 99 103 113 114 124 137 157 159 173
-259 -261 -262 -263 -266 -275 -275 -283 -289 -294 -301 -311 -322 -327 -329 -320 -298 -274 -248 -224 -202 -203 -195 -191 -181 -162 -152 -135 -124 -113 -104 -95 -86 -76 -66 -62 -61 -64 -68 -64 -16 -7 -1 -8 -8 -6 -5 -1 0 28 102 118 96 91 72 62 55 72 79 69 63 80 69 55 49 45 41 38 35 43 42 47 50 55 61 68 70 76 78 81 87 93 99 102 104 116 136 142 154 169
-261 -264 -267 -270 -271 -279 -279 -290 -301 -312 -330 -354 -390 -425 -399 -367 -331 -298 -269 -242 -215 -216 -208 -203 -193 -177 -163 -145 -131 -119 -108 -99 -89 -80 -70 -62 -59 -64 -79 -99 0 3 5 -10 -6 -2 -4 -4 9 55 133 115 91 80 75 67 66 73 84 59 55 57 54 47 43 39 38 35 33 38 41 44 46 51 57 62 67 71 70 77 84 87 91 94 95 117 129 127 134 142
-263 -267 -275 -283 -279 -284 -284 -295 -307 -323 -345 -378 -439 -528 -450 -395 -352 -318 -290 -262 -229 -228 -220 -215 -205 -190 -174 -158 -136 -124 -114 -103 -92 -81 -67 -54 -50 -51 -53 -49 0 5 25 1 -1 -2 -3 3 13 24 46 83 81 92 88 80 73 80 82 61 53 49 45 41 34 33 34 31 31 33 37 39 44 48 53 58 62 64 65 71 77 79 82 85 94 107 113 114 115 118
-262 -266 -282 -300 -288 -291 -289 -298 -310 -323 -341 -364 -401 -440 -417 -389 -356 -327 -303 -281 -243 -239 -230 -225 -216 -199 -183 -167 -143 -130 -118 -106 -93 -80 -64 -40 -39 -37 -29 -24 -5 1 31 20 1 2 1 6 10 13 20 56 77 108 96 92 84 85 68 60 55 47 55 49 37 29 30 28 27 29 30 38 41 45 48 52 55 59 59 65 70 69 71 78 85 95 96 100 99 115
-257 -253 -272 -291 -295 -299 -297 -303 -310 -317 -324 -330 -344 -356 -369 -369 -350 -323 -291 -257 -253 -248 -241 -236 -226 -207 -190 -172 -146 -136 -122 -107 -93 -79 -63 -46 -38 -33 -29 -19 -11 0 0 0 9 6 6 7 8 16 18 28 69 125 104 116 104 83 68 59 54 58 55 49 34 27 27 26 23 24 30 36 40 43 45 48 49 53 54 58 61 60 65 73 74 79 79 86 96 110
-251 -232 -262 -286 -300 -307 -304 -307 -309 -309 -305 -293 -297 -284 -335 -360 -348 -321 -291 -260 -263 -258 -249 -245 -234 -216 -195 -175 -151 -141 -124 -108 -92 -77 -62 -48 -37 -30 -22 -21 -44 -10 0 0 8 15 12 14 12 19 24 29 75 139 114 130 100 100 71 62 63 64 50 40 31 25 21 24 19 22 28 33 36 38 42 44 43 47 45 51 52 54 55 62 63 66 68 79 90 97
-263 -257 -272 -291 -305 -312 -311 -311 -310 -305 -300 -295 -299 -309 -350 -382 -359 -325 -294 -271 -270 -265 -255 -251 -239 -223 -200 -177 -153 -143 -125 -107 -91 -75 -60 -48 -36 -25 -14 -12 -100 -6 2 0 0 16 21 24 21 28 38 36 75 152 129 143 122 94 69 62 56 50 51 49 34 28 24 19 15 22 26 30 32 33 38 39 37 39 42 44 46 46 45 50 52 53 60 73 75 78
-272 -273 -284 -297 -309 -317 -316 -315 -311 -304 -298 -297 -306 -326 -369 -425 -373 -327 -291 -274 -275 -271 -261 -255 -241 -225 -202 -177 -153 -142 -123 -105 -88 -73 -59 -46 -35 -23 -15 -18 -44 -6 -2 -2 0 5 19 22 32 36 53 63 102 154 152 136 94 97 52 44 46 37 36 54 35 28 24 18 16 19 22 26 28 29 33 34 32 33 33 34 38 38 34 39 41 45 52 60 62 64
-273 -280 -292 -302 -313 -322 -322 -321 -311 -300 -292 -294 -302 -320 -347 -373 -352 -319 -288 -279 -282 -273 -260 -255 -244 -216 -197 -174 -150 -139 -120 -102 -86 -72 -57 -46 -36 -24 -13 -13 -18 -6 -7 -11 0 9 8 12 18 28 63 89 126 158 103 95 64 54 42 40 31 33 29 31 26 25 20 16 14 14 18 22 23 22 27 27 23 25 29 28 28 30 28 30 32 36 40 45 49 50
-267 -280 -296 -307 -317 -327 -328 -324 -312 -297 -286 -286 -292 -302 -318 -336 -332 -315 -290 -285 -285 -274 -259 -254 -241 -203 -189 -168 -145 -134 -117 -99 -86 -74 -61 -49 -38 -29 -22 -14 -8 -2 -3 11 10 8 2 6 15 34 64 91 141 95 69 61 54 49 59 52 34 27 24 23 17 16 18 13 11 12 14 18 17 15 22 22 15 19 21 21 24 24 21 19 24 27 26 32 34 37
-259 -279 -300 -311 -321 -331 -333 -329 -313 -294 -278 -279 -280 -281 -287 -312 -322 -321 -319 -298 -286 -274 -258 -251 -233 -207 -182 -164 -140 -130 -113 -96 -84 -78 -67 -52 -40 -32 -29 -15 -5 -7 -8 0 12 20 5 7 15 29 62 94 100 55 71 67 61 69 80 74 48 35 34 33 18 12 11 10 11 9 8 12 11 10 9 10 12 13 12 14 17 18 17 15 17 22 24 23 24 25
-256 -278 -300 -315 -327 -342 -338 -332 -316 -296 -281 -278 -274 -265 -254 -295 -317 -318 -321 -307 -285 -272 -253 -242 -220 -195 -173 -158 -136 -127 -111 -94 -82 -82 -69 -52 -35 -23 -14 -12 -12 -96 -96 -34 1 8 8 9 14 34 56 54 55 49 68 76 100 113 123 116 87 69 45 28 17 11 7 8 9 10 8 9 8 8 5 4 10 8 8 9 11 11 11 10 11 12 15 17 18 19
