src/files_thirdparty/gebco_2023_n14.0982_s13.2097_w120.4308_e121.5005.asc
ncols        257
nrows        214
xllcorner    120.429166666667
yllcorner    13.208333333333
cellsize     0.004166666667
NODATA_value -32767
[rows 120 to 159 of 214, columns 0 to 89 of 257]
-392 -328 -364 -469 -421 -460 -472 -522 -561 -540 -539 -604 -666 -753 -829 -869 -863 -863 -869 -875 -884 -889 -892 -894 -890 -882 -878 -872 -863 -850 -840 -834 -831 -830 -827 -819 -812 -807 -802 -798 -795 -791 -788 -783 -777 -770 -764 -762 -756 -750 -746 -741 -735 -724 -722 -718 -714 -711 -708 -701 -693 -689 -684 -679 -674 -670 -665 -662 -659 -654 -650 -648 -644 -640 -637 -633 -629 -626 -621 -617 -612 -610 -605 -603 -601 -597 -594 -591 -586 -582
-520 -506 -500 -486 -450 -468 -478 -515 -569 -566 -602 -674 -748 -792 -866 -892 -893 -881 -886 -888 -889 -893 -894 -895 -887 -881 -874 -861 -853 -850 -844 -839 -837 -834 -827 -818 -812 -807 -803 -799 -796 -792 -790 -786 -781 -775 -770 -767 -760 -755 -752 -747 -738 -733 -734 -729 -723 -722 -721 -709 -699 -695 -689 -684 -680 -676 -672 -669 -664 -659 -655 -653 -650 -646 -642 -638 -635 -631 -626 -621 -616 -613 -609 -610 -608 -606 -604 -599 -594 -590
-610 -602 -570 -534 -529 -531 -527 -553 -594 -613 -654 -732 -822 -861 -895 -916 -907 -896 -897 -897 -896 -898 -898 -896 -886 -877 -868 -861 -859 -856 -845 -842 -843 -835 -826 -819 -813 -809 -805 -801 -797 -794 -792 -787 -783 -779 -774 -770 -765 -759 -756 -748 -740 -741 -739 -733 -728 -727 -719 -708 -701 -698 -693 -689 -685 -681 -677 -674 -669 -664 -660 -658 -655 -652 -647 -643 -638 -634 -629 -624 -618 -616 -615 -615 -612 -610 -606 -603 -599 -595
-664 -652 -636 -597 -595 -622 -620 -616 -641 -675 -706 -787 -894 -915 -911 -928 -909 -906 -905 -902 -906 -909 -900 -895 -887 -876 -869 -865 -859 -851 -846 -845 -842 -832 -826 -820 -814 -810 -807 -803 -799 -796 -793 -788 -784 -780 -776 -772 -767 -761 -757 -748 -743 -742 -738 -733 -730 -729 -718 -708 -703 -701 -697 -693 -689 -686 -682 -678 -673 -669 -665 -663 -660 -657 -652 -648 -643 -639 -633 -628 -622 -621 -621 -620 -617 -611 -607 -604 -602 -600
-712 -701 -678 -648 -649 -690 -699 -688 -704 -750 -778 -846 -924 -929 -921 -934 -912 -911 -909 -910 -915 -910 -897 -892 -885 -875 -869 -863 -856 -850 -846 -841 -838 -832 -826 -821 -815 -811 -806 -802 -799 -794 -792 -788 -784 -780 -776 -771 -766 -761 -756 -748 -745 -743 -739 -735 -732 -729 -718 -711 -707 -705 -701 -697 -693 -690 -686 -683 -678 -673 -670 -668 -665 -662 -657 -653 -648 -643 -637 -633 -628 -628 -628 -625 -621 -612 -608 -605 -604 -602
-793 -777 -748 -724 -741 -810 -826 -828 -841 -875 -900 -929 -942 -938 -932 -934 -921 -920 -920 -925 -916 -902 -891 -885 -879 -872 -865 -860 -856 -851 -845 -841 -838 -833 -825 -819 -814 -810 -805 -802 -799 -793 -792 -788 -784 -779 -775 -771 -767 -763 -758 -750 -748 -746 -741 -737 -734 -730 -721 -717 -713 -711 -707 -704 -700 -698 -695 -689 -687 -682 -679 -677 -674 -671 -666 -661 -656 -651 -644 -642 -639 -639 -636 -630 -629 -616 -609 -605 -605 -603
-871 -837 -824 -803 -824 -908 -925 -925 -945 -953 -954 -951 -945 -943 -937 -932 -933 -935 -935 -922 -908 -897 -889 -884 -877 -871 -864 -865 -861 -852 -849 -843 -840 -830 -822 -817 -812 -809 -805 -803 -800 -794 -793 -789 -784 -779 -776 -772 -768 -765 -761 -754 -752 -749 -744 -741 -735 -731 -726 -723 -718 -716 -711 -709 -707 -702 -699 -694 -692 -688 -684 -683 -680 -674 -668 -666 -658 -656 -650 -647 -644 -644 -638 -632 -631 -623 -613 -608 -605 -603
-967 -934 -918 -910 -914 -953 -969 -963 -969 -967 -962 -958 -952 -948 -942 -943 -945 -939 -926 -915 -905 -895 -887 -884 -878 -871 -866 -867 -857 -852 -847 -837 -832 -823 -818 -815 -810 -808 -805 -802 -798 -793 -791 -788 -783 -780 -776 -772 -768 -764 -759 -753 -751 -747 -743 -739 -734 -729 -727 -722 -717 -715 -712 -710 -707 -703 -700 -696 -695 -692 -688 -686 -683 -679 -673 -669 -663 -661 -658 -654 -649 -646 -642 -638 -633 -628 -623 -617 -609 -604
-1068 -1034 -1013 -996 -994 -996 -998 -987 -981 -977 -973 -969 -961 -955 -952 -951 -942 -929 -919 -912 -903 -895 -888 -885 -878 -871 -868 -861 -855 -849 -839 -830 -826 -818 -815 -812 -808 -806 -802 -798 -795 -791 -788 -785 -781 -779 -774 -770 -766 -762 -758 -752 -750 -746 -742 -737 -734 -730 -726 -721 -717 -717 -714 -712 -709 -704 -702 -699 -697 -694 -691 -689 -685 -681 -677 -673 -671 -668 -663 -657 -652 -650 -645 -640 -635 -630 -625 -620 -615 -609
-1089 -1068 -1054 -1048 -1045 -1032 -1014 -1000 -990 -984 -980 -973 -963 -959 -960 -949 -936 -925 -916 -908 -901 -895 -888 -886 -877 -872 -871 -863 -855 -844 -834 -824 -819 -813 -812 -809 -805 -801 -799 -796 -792 -788 -787 -784 -782 -779 -773 -769 -765 -762 -757 -753 -751 -747 -744 -739 -735 -732 -727 -723 -719 -719 -718 -716 -711 -708 -706 -703 -702 -698 -694 -692 -690 -686 -684 -682 -678 -673 -668 -663 -657 -655 -650 -645 -640 -634 -629 -624 -619 -614
-1044 -1037 -1032 -1036 -1036 -1033 -1026 -1012 -1000 -988 -977 -967 -956 -958 -947 -948 -933 -921 -913 -905 -900 -894 -889 -885 -876 -877 -877 -866 -854 -842 -827 -817 -814 -812 -810 -805 -800 -798 -797 -793 -789 -786 -786 -785 -783 -777 -773 -770 -765 -762 -758 -755 -753 -748 -746 -740 -737 -734 -730 -725 -724 -724 -722 -718 -714 -713 -710 -707 -704 -702 -698 -696 -695 -693 -690 -687 -683 -679 -674 -668 -662 -659 -655 -650 -645 -640 -634 -628 -622 -618
-967 -973 -985 -1002 -1007 -1017 -1021 -1018 -1009 -993 -978 -968 -956 -948 -916 -943 -926 -916 -908 -903 -897 -890 -886 -881 -873 -868 -862 -854 -847 -834 -823 -817 -815 -814 -807 -801 -799 -797 -793 -791 -789 -786 -786 -784 -782 -775 -772 -769 -765 -762 -758 -754 -752 -749 -746 -742 -739 -736 -732 -729 -728 -727 -724 -721 -719 -717 -714 -712 -709 -707 -703 -702 -701 -699 -696 -693 -688 -684 -678 -673 -667 -664 -659 -654 -651 -646 -639 -632 -626 -620
-851 -880 -926 -936 -945 -974 -986 -997 -1004 -1000 -985 -962 -927 -911 -911 -932 -921 -915 -908 -903 -895 -885 -883 -875 -866 -861 -860 -850 -846 -832 -825 -823 -822 -820 -809 -804 -800 -797 -795 -794 -792 -789 -788 -785 -781 -776 -774 -771 -767 -764 -760 -757 -754 -752 -749 -746 -743 -740 -739 -737 -734 -733 -730 -729 -727 -725 -723 -721 -718 -715 -713 -712 -709 -707 -704 -700 -694 -689 -682 -678 -672 -669 -664 -659 -655 -650 -642 -635 -629 -620
-717 -755 -806 -841 -865 -914 -928 -948 -973 -983 -988 -976 -952 -943 -936 -926 -920 -918 -913 -907 -903 -893 -892 -882 -872 -871 -870 -857 -858 -842 -837 -832 -834 -835 -819 -810 -805 -802 -800 -798 -796 -792 -792 -787 -783 -780 -777 -774 -772 -768 -765 -762 -759 -758 -754 -752 -749 -748 -748 -746 -742 -742 -741 -739 -736 -735 -733 -731 -728 -725 -722 -721 -717 -712 -711 -707 -701 -694 -687 -681 -675 -671 -666 -660 -655 -649 -641 -633 -626 -619
-669 -658 -694 -762 -797 -860 -867 -890 -921 -949 -959 -970 -961 -956 -945 -933 -925 -922 -920 -916 -913 -910 -900 -892 -882 -881 -881 -875 -871 -856 -848 -843 -844 -847 -830 -816 -809 -807 -805 -804 -802 -798 -797 -791 -789 -784 -781 -779 -776 -774 -772 -768 -764 -763 -760 -757 -754 -754 -752 -750 -748 -748 -746 -744 -741 -740 -737 -736 -732 -729 -726 -726 -722 -719 -718 -712 -706 -696 -688 -683 -677 -672 -666 -660 -654 -648 -640 -632 -625 -619
-388 -408 -449 -574 -777 -776 -769 -814 -837 -892 -898 -930 -936 -937 -946 -939 -932 -929 -929 -927 -926 -931 -913 -901 -893 -890 -891 -891 -883 -871 -862 -855 -852 -854 -844 -825 -814 -813 -811 -810 -810 -802 -799 -796 -798 -790 -788 -788 -782 -783 -781 -777 -767 -765 -762 -759 -755 -758 -756 -752 -753 -753 -749 -747 -746 -746 -743 -739 -735 -733 -728 -731 -729 -728 -725 -713 -712 -698 -687 -686 -681 -673 -665 -659 -652 -647 -637 -631 -623 -619
-134 -149 -149 -219 -235 -489 -606 -655 -789 -812 -857 -894 -903 -905 -933 -935 -933 -931 -930 -929 -929 -930 -925 -902 -892 -890 -886 -888 -875 -871 -867 -859 -813 -854 -833 -819 -811 -799 -815 -814 -795 -793 -793 -799 -801 -791 -796 -792 -786 -783 -781 -777 -760 -758 -754 -752 -752 -751 -752 -752 -752 -753 -747 -734 -724 -714 -702 -722 -718 -715 -712 -706 -701 -699 -701 -703 -690 -678 -671 -665 -660 -656 -653 -652 -644 -639 -632 -622 -614 -610
1 0 -11 -73 -147 -366 -489 -530 -695 -710 -734 -799 -898 -831 -807 -798 -790 -786 -786 -790 -801 -820 -846 -860 -843 -818 -813 -808 -777 -779 -752 -715 -683 -756 -770 -779 -782 -750 -752 -743 -744 -764 -785 -793 -794 -783 -788 -787 -781 -772 -772 -767 -758 -756 -753 -753 -753 -750 -749 -750 -747 -748 -730 -709 -692 -682 -676 -683 -681 -675 -669 -662 -656 -654 -654 -655 -648 -640 -635 -632 -630 -630 -630 -632 -628 -622 -616 -609 -602 -597
0 0 0 1 0 0 4 -225 -400 -478 -528 -590 -653 -636 -611 -594 -587 -582 -580 -597 -622 -665 -732 -797 -771 -717 -711 -711 -636 -674 -625 -580 -619 -696 -713 -736 -742 -728 -696 -650 -663 -716 -764 -777 -780 -769 -772 -776 -772 -772 -769 -762 -755 -749 -750 -751 -751 -751 -751 -749 -747 -747 -703 -671 -651 -639 -635 -636 -631 -623 -616 -609 -603 -599 -598 -596 -594 -591 -591 -592 -595 -599 -604 -607 -606 -602 -597 -589 -583 -578
190 146 93 0 9 4 0 -93 -173 -257 -307 -363 -425 -425 -395 -370 -370 -366 -358 -388 -420 -476 -587 -744 -701 -688 -590 -537 -483 -485 -497 -479 -560 -553 -586 -696 -719 -672 -630 -524 -542 -635 -720 -729 -731 -727 -727 -743 -742 -749 -761 -750 -745 -738 -745 -743 -743 -729 -720 -729 -697 -673 -640 -612 -594 -584 -582 -582 -574 -565 -557 -549 -544 -540 -537 -536 -536 -539 -542 -548 -556 -566 -574 -581 -581 -579 -575 -568 -561 -556
319 274 215 120 29 0 2 -12 7 -83 -125 -165 -255 -247 -195 -173 -178 -176 -168 -199 -207 -240 -335 -426 -455 -452 -393 -342 -286 -244 -175 -220 -275 -290 -298 -407 -458 -459 -456 -445 -376 -473 -579 -623 -657 -699 -643 -662 -675 -699 -752 -717 -725 -716 -717 -700 -700 -657 -641 -631 -609 -580 -555 -536 -525 -519 -516 -514 -508 -501 -493 -487 -481 -477 -476 -477 -480 -484 -492 -503 -516 -529 -542 -551 -554 -552 -548 -542 -535 -530
501 438 304 136 117 106 60 18 0 0 -27 -99 -183 -125 -20 0 0 0 3 0 -23 -10 -111 -154 -225 -238 -196 -165 -105 -76 -13 -16 -27 -43 -12 -132 -196 -224 -257 -339 -228 -295 -420 -471 -520 -569 -587 -579 -578 -582 -631 -680 -675 -654 -637 -615 -615 -615 -546 -508 -503 -472 -456 -449 -447 -445 -445 -443 -438 -433 -427 -421 -415 -413 -415 -421 -423 -429 -441 -456 -473 -492 -508 -521 -524 -523 -520 -512 -504 -499
623 524 352 171 212 198 200 118 73 0 0 0 0 0 0 0 63 69 114 89 0 12 2 -76 0 0 32 24 40 15 2 5 2 0 0 -11 -45 -20 -20 -111 -96 -100 -207 -279 -354 -421 -475 -526 -472 -411 -460 -534 -617 -620 -569 -479 -423 -421 -390 -367 -345 -335 -338 -353 -365 -370 -372 -370 -367 -362 -357 -353 -348 -347 -354 -374 -367 -371 -385 -406 -430 -454 -474 -488 -493 -493 -487 -479 -470 -464
663 523 355 188 248 273 326 216 196 239 101 54 74 103 79 104 198 237 283 234 230 105 89 45 85 70 70 79 54 40 23 11 29 34 59 0 0 7 0 -21 -39 -73 -73 -105 -195 -273 -335 -404 -382 -199 -271 -332 -388 -398 -358 -284 -195 -228 -226 -231 -192 -203 -220 -262 -288 -299 -300 -298 -297 -294 -289 -285 -280 -273 -270 -273 -290 -307 -328 -358 -388 -417 -441 -457 -462 -460 -453 -442 -430 -422
599 481 303 247 366 360 415 292 238 291 209 197 195 273 260 250 341 417 435 395 350 242 227 220 265 196 257 250 150 139 73 39 137 143 194 166 108 68 0 1 0 0 21 0 -84 -152 -201 -357 -279 -175 -174 -183 -179 -199 -177 -145 -113 -113 -85 -161 -175 -161 -171 -203 -228 -235 -234 -233 -232 -231 -229 -224 -216 -203 -193 -203 -225 -250 -279 -313 -350 -384 -411 -427 -430 -424 -414 -400 -385 -374
494 397 281 378 422 471 473 338 296 384 362 339 325 448 448 446 524 607 583 568 486 400 376 423 383 308 349 348 237 164 75 110 257 262 303 237 167 66 37 26 11 8 6 3 -26 -69 -79 -69 -124 -110 -99 -70 0 0 3 0 0 0 0 -73 -97 -92 -112 -147 -178 -176 -166 -172 -169 -172 -176 -170 -161 -146 -125 -145 -174 -202 -233 -272 -314 -354 -384 -402 -400 -389 -372 -353 -335 -320
570 413 303 472 478 558 548 427 344 461 505 437 441 577 631 662 706 726 660 631 556 508 556 600 523 449 457 406 297 191 71 199 366 346 328 280 187 133 130 87 36 20 20 15 4 4 3 3 0 3 1 1 4 52 91 85 72 67 34 8 1 0 -40 -84 -113 -115 -88 -123 -104 -116 -130 -123 -123 -117 -109 -116 -139 -163 -190 -234 -283 -327 -359 -379 -368 -349 -328 -304 -280 -260
509 379 351 526 547 642 603 479 452 478 569 515 590 665 746 769 793 802 777 710 623 583 676 710 647 591 524 440 339 221 92 217 357 375 406 353 242 214 207 170 93 78 131 114 89 86 78 63 98 86 40 23 72 171 250 266 250 180 170 136 69 30 13 0 0 0 0 -119 -38 -65 -94 -94 -98 -102 -102 -109 -119 -134 -158 -199 -250 -301 -325 -336 -321 -300 -275 -247 -220 -197
481 419 474 589 664 683 643 573 552 556 616 598 662 695 817 813 832 844 854 798 704 657 694 691 654 592 492 397 322 207 116 148 324 384 425 415 326 304 292 273 169 99 224 261 228 208 207 148 205 196 91 100 129 298 365 405 375 310 326 310 272 184 139 120 100 55 0 32 0 0 -72 -59 -72 -89 -94 -100 -101 -106 -121 -157 -207 -267 -267 -273 -255 -240 -215 -187 -158 -127
604 525 654 732 706 675 682 654 622 583 614 600 647 679 751 785 829 832 793 795 724 662 619 604 579 508 429 316 204 147 129 211 353 442 471 501 476 437 457 371 235 120 204 343 351 337 237 215 333 281 161 132 189 305 451 567 583 540 527 485 486 415 350 335 291 254 260 187 99 44 22 1 -36 -69 -71 -75 -73 -74 -84 -99 -125 -148 -136 -139 -149 -159 -141 -122 -99 22
688 710 738 698 654 615 619 616 590 557 569 579 609 657 654 691 735 767 733 711 670 600 541 483 464 411 322 236 193 246 155 259 410 549 611 632 640 593 544 390 241 153 233 365 478 379 224 302 440 393 300 204 225 285 474 619 728 753 731 709 670 570 520 487 395 362 379 277 204 137 98 26 2 -7 -31 -43 -42 -35 -25 -36 -42 -43 0 0 -27 -21 -52 0 5 10
705 692 652 603 535 510 524 554 566 507 517 567 580 616 611 625 704 733 691 612 610 550 443 382 336 292 257 322 325 306 199 320 456 577 701 771 773 674 521 372 233 245 361 473 604 459 326 430 544 524 360 294 307 400 496 556 665 798 830 775 673 609 622 525 501 489 451 340 307 230 146 50 16 5 2 0 6 -11 0 -3 0 -17 2 20 6 10 22 19 88 57
586 584 527 474 400 342 394 497 528 464 463 508 519 553 587 604 674 662 610 521 504 462 397 445 436 406 336 437 486 366 292 338 483 594 738 821 777 656 483 340 244 333 462 585 674 527 395 547 635 494 360 391 375 478 613 644 720 849 889 843 757 738 754 648 638 605 523 413 372 284 164 78 24 9 8 9 6 3 3 2 3 6 19 82 42 83 93 35 74 117
411 473 454 319 260 210 327 428 454 387 372 410 412 474 515 533 600 594 547 526 490 522 489 534 585 536 448 460 570 530 480 422 520 654 792 857 793 697 557 452 297 353 488 611 718 582 483 618 674 504 492 536 432 499 598 703 782 906 988 899 897 901 835 746 675 573 512 379 308 232 134 59 9 7 10 10 9 10 12 30 11 27 25 98 78 114 148 94 59 88
303 293 318 258 122 124 230 349 335 275 261 283 331 414 477 540 591 587 560 543 550 575 550 596 665 647 593 492 594 686 630 528 588 706 829 913 842 740 634 514 369 390 559 678 772 630 673 742 665 606 676 621 509 485 559 655 743 850 1001 959 952 859 703 671 570 449 383 336 188 139 65 24 10 8 10 10 10 13 43 37 21 52 32 103 124 113 189 228 177 77
374 214 181 146 61 103 210 308 275 172 217 320 446 537 587 622 618 612 606 623 617 635 652 721 756 688 592 539 633 738 736 637 671 772 864 872 740 640 530 483 411 406 526 642 751 705 796 861 752 730 804 714 660 567 711 782 885 943 1000 971 953 857 652 534 478 387 281 226 146 82 42 25 14 8 10 11 11 14 52 27 47 102 80 49 91 117 134 228 153 91
242 127 94 53 44 123 192 247 197 179 316 387 441 467 538 552 514 498 536 614 646 712 748 756 718 657 609 599 641 759 768 689 680 727 780 843 798 678 594 581 490 425 530 638 739 725 811 888 788 739 844 855 691 717 857 942 929 823 796 801 850 792 719 589 493 359 274 162 118 98 56 29 18 9 11 11 19 13 45 36 96 105 159 158 109 98 161 266 216 162
115 65 47 31 26 72 135 172 106 170 269 304 326 350 405 392 370 342 454 529 573 619 630 628 633 679 728 757 688 755 764 701 720 705 740 856 880 812 733 620 567 575 580 690 744 803 795 881 854 817 874 843 734 822 771 830 782 713 602 631 671 659 636 553 415 331 194 153 109 82 49 34 16 11 11 11 42 31 61 61 129 187 211 246 187 145 190 262 295 254
78 51 27 18 15 24 51 95 58 121 154 163 204 252 285 271 230 278 374 412 471 493 492 487 512 593 709 791 761 723 787 746 766 821 810 931 1011 920 729 681 739 669 670 771 823 899 957 975 957 917 963 918 843 806 645 698 648 588 510 544 566 503 536 484 348 231 134 89 44 68 30 25 17 13 11 27 41 55 99 85 193 259 294 352 320 224 257 319 368 392
64 39 22 12 9 14 23 32 35 43 58 108 184 236 225 162 171 224 301 338 366 347 332 360 437 507 651 775 831 764 814 839 834 918 904 975 1059 919 788 816 726 671 748 854 947 979 1083 1111 1110 1095 1114 1009 901 766 570 510 515 451 429 454 498 401 436 384 353 213 179 143 43 22 16 20 18 29 33 88 73 175 178 120 225 327 398 460 435 268 333 433 413 512
