src/files_thirdparty/gebco_2023_n14.0982_s13.2097_w120.4308_e121.5005.asc
ncols        257
nrows        214
xllcorner    120.429166666667
yllcorner    13.208333333333
cellsize     0.004166666667
NODATA_value -32767
[rows 40 to 79 of 214, columns 0 to 89 of 257]
-252 -277 -303 -319 -332 -341 -344 -338 -321 -300 -282 -280 -279 -278 -282 -310 -332 -330 -326 -311 -284 -270 -241 -228 -209 -189 -170 -154 -135 -126 -110 -95 -84 -80 -67 -49 -26 -17 -11 -8 -4 -14 -41 -22 0 5 6 8 13 24 24 35 32 49 53 77 99 98 123 131 146 108 37 21 14 9 8 7 6 7 8 8 7 0 -8 0 2 0 6 7 8 8 9 8 8 9 16 10 12 14
-250 -279 -304 -321 -334 -346 -346 -342 -327 -309 -294 -289 -290 -292 -301 -322 -341 -338 -328 -308 -274 -262 -222 -212 -202 -186 -169 -153 -135 -126 -111 -97 -87 -78 -66 -44 -11 -11 -10 -11 -4 -4 -13 -7 -1 12 6 10 19 34 44 65 57 43 49 70 73 83 97 158 208 209 52 22 11 8 6 0 0 3 0 0 1 -10 -18 -16 -15 -13 0 1 0 4 0 6 5 5 9 8 7 9
-273 -290 -309 -322 -335 -348 -351 -348 -334 -318 -305 -300 -300 -301 -308 -325 -348 -341 -324 -304 -255 -241 -212 -205 -196 -183 -166 -151 -134 -125 -111 -97 -89 -83 -68 -29 -12 -9 -8 -7 -3 -3 -8 -7 -7 1 7 19 36 47 63 71 65 42 51 76 75 83 95 130 173 270 70 24 10 7 7 3 -7 -14 0 0 -10 -23 -35 -35 -37 -39 -28 -23 -27 -39 -26 -18 -12 1 1 3 4 6
-289 -300 -312 -324 -335 -348 -353 -351 -340 -327 -315 -311 -308 -307 -304 -309 -349 -339 -278 -304 -257 -236 -213 -206 -195 -187 -164 -150 -133 -124 -111 -100 -95 -94 -94 -10 -10 -9 -8 -8 -7 -8 -39 -89 -38 0 6 25 33 45 59 56 59 48 61 69 67 77 85 117 180 198 141 26 11 8 4 -9 -20 -24 -18 -21 -27 -34 -42 -49 -52 -52 -48 -42 -40 -38 -45 -48 -46 -41 -46 -36 -33 -28
-297 -305 -313 -323 -333 -351 -359 -357 -347 -335 -324 -320 -318 -312 -298 -275 -353 -343 -318 -289 -242 -237 -221 -213 -197 -194 -164 -151 -132 -124 -111 -100 -94 -87 -72 -25 -14 -9 -8 -9 -14 -14 -26 -41 -20 0 11 18 29 40 38 43 50 51 49 59 70 83 96 144 179 163 132 57 12 6 0 -21 -35 -37 -37 -42 -44 -47 -49 -64 -65 -65 -64 -59 -58 -61 -70 -82 -82 -74 -72 -70 -76 -90
-301 -307 -314 -322 -332 -349 -356 -363 -355 -342 -331 -331 -331 -331 -329 -332 -357 -341 -309 -295 -262 -246 -225 -216 -202 -196 -165 -152 -132 -123 -110 -97 -93 -85 -68 -27 -17 -9 -7 -6 -10 -9 -6 -3 -4 1 0 19 28 28 29 33 47 42 45 61 74 90 96 126 180 159 179 118 20 2 -18 -38 -47 -51 -52 -57 -62 -65 -68 -75 -75 -71 -64 -70 -75 -81 -90 -99 -100 -97 -93 -94 -94 -90
-298 -305 -313 -318 -325 -343 -352 -370 -363 -350 -340 -341 -345 -350 -358 -370 -359 -338 -291 -300 -271 -249 -229 -221 -207 -195 -166 -153 -132 -123 -111 -101 -95 -91 -85 -50 -28 -15 -8 -6 -9 -12 -15 -22 -36 -17 3 15 23 18 19 28 39 36 41 57 74 87 124 171 172 168 195 112 14 -7 -26 -43 -56 -65 -71 -76 -80 -83 -87 -90 -90 -87 -85 -88 -94 -100 -108 -116 -119 -119 -119 -119 -120 -120
-292 -303 -311 -320 -328 -345 -351 -389 -375 -360 -349 -353 -358 -365 -371 -374 -356 -336 -289 -295 -271 -246 -234 -224 -209 -197 -168 -155 -134 -124 -112 -100 -92 -87 -81 -55 -33 -19 -11 -6 -9 -15 -21 -38 -79 -32 0 0 13 15 28 32 30 31 41 63 81 113 195 200 187 209 180 77 7 -13 -32 -46 -66 -80 -90 -96 -100 -103 -106 -108 -107 -106 -105 -107 -111 -116 -124 -134 -138 -140 -143 -144 -146 -151
-285 -301 -314 -323 -331 -346 -353 -375 -376 -371 -369 -370 -374 -379 -382 -378 -357 -334 -298 -294 -273 -256 -240 -230 -213 -201 -170 -156 -136 -127 -110 -94 -83 -73 -62 -45 -30 -19 -11 -8 -11 -13 -12 -5 -5 -2 0 6 13 23 40 31 25 26 38 69 87 126 187 215 200 173 126 60 8 -21 -41 -60 -80 -98 -112 -117 -119 -121 -124 -127 -125 -123 -122 -123 -127 -131 -136 -147 -153 -158 -162 -165 -168 -175
-278 -298 -317 -327 -336 -350 -356 -370 -378 -383 -387 -387 -389 -392 -393 -383 -361 -337 -309 -290 -269 -265 -250 -238 -220 -204 -173 -158 -137 -128 -105 -86 -72 -58 -43 -29 -21 -15 -9 -9 -12 -13 -12 -5 0 0 3 11 25 35 35 42 22 33 55 64 76 98 155 189 177 141 128 63 9 -27 -47 -69 -90 -112 -132 -133 -133 -136 -141 -145 -142 -139 -137 -139 -142 -147 -153 -162 -168 -173 -178 -182 -187 -192
-271 -295 -316 -329 -341 -355 -359 -370 -384 -395 -399 -398 -403 -407 -406 -392 -370 -338 -309 -288 -269 -272 -260 -249 -229 -207 -182 -161 -140 -131 -97 -79 -65 -49 -32 -18 -16 -12 -8 -10 -15 -13 -10 -6 -5 0 15 23 29 28 30 32 20 73 95 75 71 98 122 107 132 94 99 47 7 -10 -39 -68 -92 -114 -132 -137 -140 -146 -153 -158 -156 -153 -151 -153 -157 -162 -168 -176 -182 -188 -193 -197 -202 -207
-267 -294 -317 -331 -342 -358 -363 -372 -390 -409 -414 -408 -417 -421 -416 -400 -378 -343 -315 -294 -278 -278 -268 -260 -239 -216 -190 -164 -141 -131 -81 -73 -62 -45 -30 -23 -18 -14 -11 -10 -13 -12 -8 -5 -4 6 16 23 22 30 21 18 22 62 76 70 70 71 67 69 107 146 155 78 0 0 -31 -68 -86 -110 -129 -136 -141 -154 -165 -171 -169 -164 -164 -167 -171 -176 -182 -188 -195 -202 -208 -212 -217 -221
-270 -297 -321 -333 -343 -358 -335 -362 -395 -428 -434 -433 -438 -440 -427 -409 -385 -349 -331 -302 -280 -285 -275 -266 -248 -229 -200 -168 -141 -130 -99 -83 -66 -47 -29 -29 -24 -20 -17 -14 -13 -12 -9 -4 -2 8 13 20 25 36 19 15 21 33 60 46 86 59 50 73 117 123 146 128 39 0 1 -20 -59 -99 -122 -132 -145 -163 -177 -186 -182 -174 -176 -180 -184 -189 -194 -199 -208 -216 -223 -227 -231 -235
-274 -299 -321 -334 -344 -359 -363 -371 -393 -421 -438 -448 -459 -465 -441 -420 -390 -357 -342 -312 -290 -292 -282 -273 -257 -240 -211 -173 -142 -131 -111 -96 -75 -54 -33 -21 -24 -24 -21 -17 -13 -9 -7 -5 -4 2 12 16 21 30 21 12 13 22 29 34 56 45 37 49 78 98 86 140 53 21 0 2 -40 -84 -95 -116 -143 -170 -187 -196 -196 -192 -192 -194 -197 -202 -207 -214 -221 -229 -237 -241 -245 -248
-276 -301 -323 -335 -347 -361 -363 -368 -387 -415 -438 -454 -470 -479 -459 -430 -396 -365 -351 -319 -292 -297 -292 -280 -265 -248 -220 -179 -145 -133 -115 -105 -85 -65 -48 -27 -38 -31 -24 -17 -11 -5 -5 -5 -4 1 12 14 18 26 29 14 12 16 21 26 25 24 30 34 56 58 81 107 52 29 18 0 1 -27 -49 -91 -136 -178 -196 -207 -209 -207 -206 -206 -209 -213 -218 -225 -232 -240 -249 -252 -255 -259
-276 -301 -324 -337 -349 -362 -361 -364 -378 -409 -438 -455 -476 -487 -477 -442 -403 -375 -360 -322 -283 -307 -298 -288 -273 -257 -229 -186 -150 -137 -108 -101 -88 -82 -105 -193 -87 -42 -24 -16 -11 -5 -5 -4 -1 0 8 14 17 22 24 21 12 14 17 24 16 19 21 29 45 84 113 125 75 47 36 18 5 0 -28 -78 -126 -168 -196 -213 -218 -218 -217 -215 -217 -221 -226 -232 -237 -242 -250 -255 -262 -266
-274 -302 -327 -340 -353 -363 -360 -356 -365 -408 -443 -450 -479 -491 -492 -453 -417 -387 -375 -339 -309 -314 -307 -297 -282 -265 -236 -193 -157 -143 -104 -98 -82 -61 -39 -13 -13 -18 -16 -11 -11 -5 -4 -3 -2 0 7 12 16 22 24 27 21 11 22 26 11 16 16 25 41 68 94 102 150 149 73 36 0 2 -16 -74 -123 -165 -198 -220 -227 -227 -225 -221 -224 -228 -232 -236 -238 -241 -247 -254 -261 -268
-273 -303 -329 -343 -356 -365 -363 -364 -381 -419 -456 -434 -488 -497 -500 -476 -431 -401 -386 -351 -323 -336 -315 -304 -289 -271 -243 -202 -165 -151 -97 -91 -79 -52 -21 0 -5 -12 -12 -11 -10 -5 -4 -3 -1 1 5 10 13 19 18 25 26 14 27 6 5 12 14 19 24 37 35 69 132 213 152 80 40 0 1 -81 -125 -166 -201 -224 -234 -235 -233 -231 -231 -233 -235 -237 -237 -236 -241 -250 -259 -267
-278 -308 -334 -347 -360 -367 -366 -369 -390 -423 -452 -456 -492 -504 -511 -489 -449 -418 -402 -362 -334 -330 -324 -315 -298 -280 -252 -217 -174 -154 -102 -95 -88 -55 -20 -5 -17 -17 -13 -10 -9 -5 -4 -4 -2 0 4 8 12 20 16 19 21 0 9 -5 0 1 5 8 18 20 19 43 101 173 170 144 85 50 5 -60 -119 -169 -207 -233 -240 -242 -240 -238 -238 -238 -239 -239 -238 -236 -237 -248 -259 -268
-290 -315 -337 -351 -364 -370 -371 -376 -394 -418 -440 -452 -493 -510 -517 -505 -459 -433 -415 -375 -346 -336 -332 -324 -307 -288 -260 -229 -189 -151 -103 -96 -92 -71 -46 -22 -53 -16 -10 -9 -11 -8 -6 -6 -4 2 4 11 17 20 17 22 28 0 7 -6 -12 -8 -5 1 1 2 5 18 63 111 153 153 149 0 8 -47 -119 -180 -215 -237 -246 -247 -246 -244 -243 -242 -241 -241 -241 -241 -243 -252 -263 -272
-302 -324 -342 -355 -368 -373 -373 -378 -395 -415 -428 -417 -417 -511 -531 -522 -479 -444 -427 -384 -348 -349 -340 -331 -316 -295 -267 -239 -210 -163 -102 -97 -92 -97 -108 -140 -186 -99 -25 -8 -9 -8 -10 -9 -7 -2 8 12 17 22 24 22 18 14 0 -13 -27 -16 -5 -35 -37 -30 0 2 14 47 103 156 193 0 15 -49 -129 -201 -228 -245 -252 -253 -250 -248 -247 -245 -244 -243 -245 -246 -250 -259 -269 -278
-315 -333 -350 -358 -372 -376 -375 -376 -393 -417 -447 -483 -483 -511 -542 -538 -513 -445 -423 -389 -358 -359 -346 -337 -323 -301 -275 -248 -222 -184 -132 -104 -108 -124 -159 -244 -369 -170 -13 -2 -9 -9 -14 -13 -10 -1 6 10 15 21 23 24 22 18 1 -12 -24 -28 -34 -57 -76 -92 -63 -33 1 9 61 148 124 0 1 -73 -143 -200 -234 -254 -260 -259 -254 -253 -251 -249 -246 -244 -245 -250 -257 -266 -275 -285
-328 -341 -354 -362 -376 -380 -377 -377 -390 -409 -432 -459 -492 -525 -539 -544 -529 -472 -438 -402 -370 -389 -349 -344 -330 -307 -282 -258 -237 -200 -154 -116 -119 -136 -169 -217 -244 -134 -36 -14 -15 -12 -17 -17 -14 1 9 13 16 18 22 21 25 0 1 -12 -28 -41 -55 -75 -99 -116 -106 -76 -37 0 0 0 20 2 -90 -124 -167 -210 -242 -262 -268 -268 -264 -260 -257 -253 -250 -248 -251 -258 -265 -272 -279 -284
-339 -349 -358 -365 -380 -383 -377 -375 -383 -397 -409 -420 -490 -521 -537 -550 -544 -511 -465 -419 -382 -373 -358 -351 -337 -313 -291 -269 -249 -212 -172 -135 -122 -139 -166 -184 -161 -79 -25 -25 -30 -13 -22 -25 -18 0 10 13 17 17 20 25 23 21 1 -15 -33 -53 -75 -101 -124 -143 -148 -127 -101 -83 -81 -53 -46 -63 -117 -152 -188 -225 -255 -276 -281 -279 -273 -268 -263 -258 -254 -253 -258 -267 -274 -278 -281 -282
-347 -354 -361 -368 -383 -386 -378 -372 -379 -393 -411 -438 -482 -520 -540 -550 -550 -543 -488 -437 -397 -410 -375 -361 -346 -321 -299 -279 -260 -227 -187 -136 -105 -136 -172 -191 -136 -41 -60 -88 -77 -13 -31 -41 -31 -13 4 11 14 18 21 22 0 12 1 -10 -34 -61 -86 -114 -140 -163 -175 -167 -159 -164 -187 -148 -121 -117 -139 -171 -206 -243 -274 -292 -295 -290 -283 -275 -269 -264 -260 -260 -266 -275 -282 -283 -281 -278
-354 -358 -363 -371 -386 -389 -374 -364 -373 -390 -411 -439 -471 -505 -544 -552 -554 -558 -505 -458 -418 -423 -384 -371 -351 -326 -306 -287 -269 -238 -210 -142 -69 -138 -197 -247 -180 -121 -133 -186 -177 -95 -74 -76 -50 -23 0 7 13 16 24 20 14 14 10 0 -33 -66 -91 -120 -151 -181 -197 -195 -194 -202 -218 -210 -179 -157 -162 -190 -224 -259 -293 -312 -308 -300 -290 -281 -274 -268 -265 -265 -272 -281 -289 -286 -281 -275
-356 -360 -364 -373 -390 -393 -369 -349 -364 -389 -416 -445 -461 -502 -540 -554 -555 -574 -529 -485 -450 -436 -391 -379 -357 -332 -311 -292 -274 -248 -262 -220 -180 -192 -216 -230 -197 -163 -156 -166 -153 -110 -98 -116 -62 -24 2 4 11 16 30 32 16 21 13 1 -29 -56 -88 -123 -156 -185 -203 -209 -211 -217 -234 -237 -220 -202 -199 -216 -242 -271 -298 -313 -312 -304 -294 -284 -276 -269 -266 -267 -273 -282 -289 -286 -279 -271
-358 -362 -365 -376 -393 -396 -362 -322 -356 -390 -422 -451 -464 -488 -537 -557 -555 -575 -544 -508 -467 -451 -418 -390 -366 -341 -319 -302 -283 -260 -247 -272 -264 -242 -238 -234 -210 -184 -163 -148 -125 -95 -70 -57 -35 -15 0 0 5 14 26 33 22 25 18 0 0 -36 -79 -125 -159 -189 -210 -218 -220 -223 -249 -264 -255 -241 -231 -239 -258 -281 -302 -316 -313 -304 -293 -283 -275 -268 -264 -264 -270 -278 -284 -282 -277 -269
-360 -364 -369 -379 -396 -400 -376 -356 -373 -399 -426 -458 -471 -496 -530 -559 -560 -577 -558 -540 -504 -476 -438 -394 -375 -352 -331 -313 -295 -272 -261 -293 -275 -260 -256 -248 -227 -199 -171 -139 -111 -75 -36 -1 -8 -7 1 4 10 12 25 31 26 46 24 0 0 -21 -72 -130 -163 -192 -217 -225 -234 -247 -271 -293 -283 -271 -252 -257 -271 -288 -307 -320 -314 -303 -291 -281 -271 -264 -258 -258 -264 -273 -281 -279 -274 -268
-359 -366 -373 -381 -399 -403 -390 -381 -392 -410 -427 -437 -476 -494 -529 -559 -574 -581 -570 -555 -527 -464 -452 -400 -386 -367 -345 -325 -309 -289 -279 -298 -271 -268 -272 -270 -248 -219 -187 -150 -113 -73 -36 -13 -11 -9 5 9 12 17 24 32 32 57 51 32 4 0 -60 -130 -156 -186 -213 -224 -240 -258 -280 -295 -287 -271 -268 -271 -280 -292 -305 -313 -308 -298 -286 -277 -267 -259 -252 -251 -258 -267 -273 -275 -273 -269
-356 -366 -376 -384 -402 -407 -401 -398 -408 -427 -448 -468 -481 -492 -528 -556 -585 -585 -577 -558 -548 -523 -477 -410 -400 -385 -364 -348 -332 -316 -307 -308 -349 -315 -293 -300 -271 -242 -210 -171 -127 -79 -45 -31 -24 -14 0 2 8 8 15 32 41 65 83 79 26 3 -37 -81 -125 -168 -204 -214 -237 -260 -282 -296 -292 -283 -283 -281 -284 -292 -301 -307 -302 -292 -281 -273 -265 -255 -246 -245 -254 -263 -269 -273 -273 -272
-349 -364 -377 -388 -406 -411 -409 -411 -421 -439 -458 -469 -485 -497 -513 -557 -586 -585 -578 -561 -550 -548 -482 -448 -421 -407 -394 -388 -372 -359 -353 -350 -330 -324 -315 -311 -282 -262 -237 -202 -152 -96 -76 -62 -47 -31 -14 -5 3 9 10 19 28 61 87 83 41 22 2 -39 -91 -143 -186 -214 -236 -258 -277 -290 -289 -284 -281 -280 -282 -287 -293 -296 -293 -286 -279 -272 -265 -258 -252 -250 -257 -264 -270 -274 -276 -276
-342 -362 -380 -392 -411 -416 -417 -420 -432 -446 -461 -473 -488 -502 -518 -561 -588 -590 -586 -569 -557 -527 -500 -469 -446 -435 -441 -444 -426 -423 -412 -404 -383 -361 -362 -314 -294 -285 -266 -242 -195 -147 -123 -100 -78 -54 -29 -8 0 3 7 14 25 39 64 58 42 35 0 -16 -66 -120 -170 -203 -230 -253 -271 -283 -282 -277 -273 -273 -276 -280 -284 -287 -286 -282 -277 -273 -268 -263 -259 -258 -263 -270 -276 -279 -281 -282
-337 -361 -380 -396 -415 -421 -425 -431 -441 -453 -465 -478 -491 -505 -526 -551 -589 -593 -589 -574 -582 -542 -522 -473 -482 -469 -490 -486 -475 -462 -449 -433 -424 -407 -377 -361 -319 -301 -289 -271 -231 -186 -166 -140 -112 -82 -52 -26 -5 -5 5 19 30 43 59 58 39 24 0 -15 -51 -101 -150 -189 -221 -247 -263 -272 -272 -268 -264 -265 -268 -272 -276 -279 -279 -279 -277 -275 -273 -270 -268 -268 -271 -276 -281 -285 -287 -289
-335 -361 -384 -401 -420 -427 -433 -440 -449 -459 -470 -482 -496 -508 -532 -557 -590 -597 -598 -602 -637 -587 -556 -530 -517 -507 -515 -503 -487 -469 -452 -435 -427 -412 -395 -372 -379 -349 -324 -307 -265 -209 -209 -180 -147 -113 -79 -58 -46 -35 1 14 28 33 65 82 46 33 30 0 -33 -85 -135 -179 -214 -243 -256 -263 -263 -258 -254 -255 -259 -264 -268 -272 -275 -277 -278 -279 -279 -278 -278 -278 -281 -284 -287 -291 -295 -297
-335 -367 -391 -405 -422 -434 -441 -449 -458 -466 -475 -487 -500 -513 -536 -556 -594 -601 -598 -588 -616 -601 -603 -549 -531 -530 -505 -485 -465 -442 -417 -393 -383 -367 -355 -348 -367 -363 -340 -321 -300 -262 -245 -214 -183 -149 -117 -98 -102 -116 -108 3 12 22 57 82 81 49 27 0 -20 -78 -131 -173 -207 -233 -249 -257 -257 -251 -244 -245 -251 -258 -263 -267 -272 -277 -281 -285 -286 -287 -287 -288 -290 -292 -294 -299 -303 -305
-348 -377 -399 -407 -421 -438 -449 -457 -465 -474 -481 -492 -506 -519 -541 -560 -599 -602 -597 -588 -608 -613 -589 -588 -537 -534 -495 -474 -445 -415 -377 -347 -327 -306 -293 -288 -298 -288 -272 -284 -291 -276 -255 -234 -213 -182 -154 -140 -153 -199 -269 0 10 21 55 53 41 25 0 0 -46 -97 -140 -175 -205 -229 -245 -254 -255 -250 -243 -240 -248 -255 -261 -266 -273 -279 -286 -292 -295 -297 -298 -299 -300 -302 -304 -308 -311 -314
-360 -388 -411 -415 -422 -433 -447 -461 -472 -481 -489 -500 -512 -526 -548 -569 -600 -606 -600 -592 -623 -617 -616 -646 -512 -533 -483 -447 -400 -364 -312 -294 -254 -235 -225 -221 -219 -224 -217 -216 -226 -247 -242 -239 -238 -205 -177 -161 -159 -170 -165 -40 1 17 50 47 27 13 1 -21 -97 -132 -157 -182 -207 -228 -246 -257 -258 -255 -248 -248 -252 -257 -262 -267 -276 -285 -292 -301 -306 -309 -310 -310 -311 -312 -314 -316 -319 -322
-364 -389 -407 -412 -414 -424 -446 -458 -472 -487 -496 -508 -521 -537 -559 -589 -601 -613 -615 -611 -628 -629 -643 -597 -517 -492 -457 -404 -346 -292 -253 -273 -220 -202 -199 -195 -193 -193 -189 -191 -196 -210 -226 -227 -228 -208 -185 -167 -150 -131 -99 -40 0 11 25 29 16 0 -137 -383 -240 -185 -178 -190 -209 -230 -250 -264 -267 -264 -259 -257 -260 -263 -266 -272 -283 -294 -305 -314 -320 -322 -322 -322 -321 -321 -321 -322 -324 -326
-362 -383 -401 -399 -392 -394 -421 -460 -470 -489 -500 -514 -528 -545 -571 -618 -603 -628 -635 -615 -614 -626 -637 -609 -492 -473 -442 -364 -293 -232 -199 -200 -187 -188 -190 -187 -184 -183 -180 -183 -177 -191 -209 -226 -224 -206 -189 -170 -140 -104 -62 -45 -19 0 7 0 0 -27 -80 -99 -158 -171 -178 -190 -208 -233 -259 -276 -279 -274 -269 -268 -268 -271 -273 -277 -292 -308 -322 -332 -337 -338 -336 -333 -330 -328 -327 -326 -325 -327
